version https://git-lfs.github.com/spec/v1
oid sha256:e2522f993a6999261b54db5e6775cd200a9801d0b64d2bcee1f787412e4cc384
size 417
